  1.3006795e-001
  1.6965370e-001
  4.4754649e-001
  5.6551378e-001
  0.0000000e+000
  1.0268518e+000
  0.0000000e+000
  1.6258494e-001
  2.6852746e-001
  0.0000000e+000
  9.6514324e-001
  0.0000000e+000
  2.1677992e+000
  9.4252008e-001
  0.0000000e+000
  0.0000000e+000
  2.1677992e+000
  2.1677992e+000
  0.0000000e+000
  2.1677992e+000
  1.9510193e+000
  2.1677992e+000
  0.0000000e+000
  2.1677992e+000
  0.0000000e+000
  2.1677992e+000
  0.0000000e+000
  2.1677992e+000
  2.1677992e+000
  2.1677992e+000
  1.1979952e+000
  0.0000000e+000
  1.5080339e-001
  0.0000000e+000
  0.0000000e+000
  0.0000000e+000
  0.0000000e+000
  1.6860665e-001
  4.3355985e-001
  2.1677992e+000
  6.5033977e-002
  7.5401693e-002
  0.0000000e+000
  3.0209323e-001
  8.3914641e-001
  0.0000000e+000
  0.0000000e+000
  0.0000000e+000
  2.1677992e+000
  0.0000000e+000
  2.1677992e+000
  2.1677992e+000
  0.0000000e+000
  1.7342394e+000
  1.1561610e+000
  1.5104661e+000
  2.1677992e+000
  0.0000000e+000
  0.0000000e+000
  0.0000000e+000
  0.0000000e+000
  1.3426351e+000
  0.0000000e+000
  0.0000000e+000
  1.7247846e-001
  9.6513890e-001
  1.0069774e+000
  0.0000000e+000
  2.1677992e+000
  0.0000000e+000
  5.5943094e-001
  6.5976536e-001
  0.0000000e+000
  2.0810873e+000
  1.3426351e+001
  2.1677992e+000
  2.1677992e+000
  2.1677992e+000
  2.1677992e+000
  2.1677992e+000
  2.1677992e+000
  0.0000000e+000
  0.0000000e+000
  0.0000000e+000
  0.0000000e+000
  2.1677992e+000
  2.1677992e+000
  2.1677992e+000
  2.1677992e+000
  0.0000000e+000
  0.0000000e+000
  0.0000000e+000
  0.0000000e+000
  0.0000000e+000
  0.0000000e+000
  0.0000000e+000
  0.0000000e+000
  0.0000000e+000
  0.0000000e+000
  1.8850445e+000
  2.1677992e+000
  0.0000000e+000
  2.1677992e+000
  5.7047371e-001
  2.1677992e+000
  0.0000000e+000
  0.0000000e+000
  0.0000000e+000
  0.0000000e+000
  0.0000000e+000
  0.0000000e+000
  0.0000000e+000
  0.0000000e+000
  0.0000000e+000
  0.0000000e+000
  0.0000000e+000
  0.0000000e+000
  0.0000000e+000
  0.0000000e+000
  0.0000000e+000
  0.0000000e+000
  0.0000000e+000
  0.0000000e+000
  0.0000000e+000
  0.0000000e+000
  0.0000000e+000
  0.0000000e+000
  0.0000000e+000
  0.0000000e+000
  0.0000000e+000
  0.0000000e+000
  0.0000000e+000
  0.0000000e+000
  0.0000000e+000
  0.0000000e+000
  0.0000000e+000
  0.0000000e+000
  0.0000000e+000
  0.0000000e+000
  0.0000000e+000
  0.0000000e+000
  0.0000000e+000
  0.0000000e+000
  0.0000000e+000
  0.0000000e+000
  0.0000000e+000
  2.1677992e+000
  0.0000000e+000
  0.0000000e+000
  0.0000000e+000
  0.0000000e+000
  0.0000000e+000
  0.0000000e+000
  0.0000000e+000
  0.0000000e+000
  0.0000000e+000
  0.0000000e+000
  0.0000000e+000
  0.0000000e+000
  0.0000000e+000
  0.0000000e+000
  0.0000000e+000
  1.5080339e+000
  0.0000000e+000
  0.0000000e+000
  0.0000000e+000
  0.0000000e+000
  0.0000000e+000
  0.0000000e+000
  0.0000000e+000
  0.0000000e+000
  0.0000000e+000
  0.0000000e+000
  0.0000000e+000
  0.0000000e+000
  0.0000000e+000
  0.0000000e+000
  0.0000000e+000
  0.0000000e+000
  0.0000000e+000
  0.0000000e+000
  0.0000000e+000
  0.0000000e+000
  0.0000000e+000
  2.1112500e+000
  0.0000000e+000
  0.0000000e+000
  0.0000000e+000
  0.0000000e+000
  0.0000000e+000
  0.0000000e+000
  0.0000000e+000
  0.0000000e+000
  0.0000000e+000
  0.0000000e+000
  0.0000000e+000
  0.0000000e+000
  0.0000000e+000
  0.0000000e+000
  0.0000000e+000
  0.0000000e+000
  0.0000000e+000
  0.0000000e+000
  1.8850445e-001
  0.0000000e+000
  0.0000000e+000
  0.0000000e+000
  0.0000000e+000
  0.0000000e+000
  1.8850445e-001
  1.8850445e-001
  1.5080339e-001
  1.8850445e-001
  1.5080339e-001
  0.0000000e+000
  0.0000000e+000
  0.0000000e+000
  0.0000000e+000
  0.0000000e+000
  0.0000000e+000
  0.0000000e+000
  0.0000000e+000
  0.0000000e+000
  0.0000000e+000
  0.0000000e+000
  0.0000000e+000
  0.0000000e+000
  0.0000000e+000
  0.0000000e+000
  0.0000000e+000
  0.0000000e+000
  0.0000000e+000
  0.0000000e+000
  0.0000000e+000
  1.3006795e-001
  1.6965370e-001
  4.4754649e-001
  5.6551378e-001
  0.0000000e+000
  1.0268518e+000
  0.0000000e+000
  1.6258494e-001
  2.6852746e-001
  0.0000000e+000
  9.6514324e-001
  0.0000000e+000
  2.1677992e+000
  9.4252008e-001
  0.0000000e+000
  0.0000000e+000
  2.1677992e+000
  2.1677992e+000
  0.0000000e+000
  2.1677992e+000
  1.9510193e+000
  2.1677992e+000
  0.0000000e+000
  2.1677992e+000
  0.0000000e+000
  2.1677992e+000
  0.0000000e+000
  2.1677992e+000
  2.1677992e+000
  2.1677992e+000
  1.1979952e+000
  0.0000000e+000
  1.5080339e-001
  0.0000000e+000
  0.0000000e+000
  0.0000000e+000
  0.0000000e+000
  1.6860665e-001
  4.3355985e-001
  2.1677992e+000
  6.5033977e-002
  7.5401693e-002
  0.0000000e+000
  3.0209323e-001
  8.3914641e-001
  0.0000000e+000
  0.0000000e+000
  0.0000000e+000
  2.1677992e+000
  0.0000000e+000
  2.1677992e+000
  2.1677992e+000
  0.0000000e+000
  1.7342394e+000
  1.1561610e+000
  1.5104661e+000
  2.1677992e+000
  0.0000000e+000
  0.0000000e+000
  0.0000000e+000
  0.0000000e+000
  1.3426351e+000
  0.0000000e+000
  0.0000000e+000
  7.5401693e-002
  1.0034716e+000
  1.4744982e+000
  0.0000000e+000
  2.1677992e+000
  0.0000000e+000
  5.5943094e-001
  6.5976536e-001
  0.0000000e+000
  2.0810873e+000
  1.3426351e+001
  2.1677992e+000
  2.1677992e+000
  2.1677992e+000
  2.1677992e+000
  2.1677992e+000
  2.1677992e+000
  0.0000000e+000
  0.0000000e+000
  3.7169548e+000
  0.0000000e+000
  0.0000000e+000
  2.1677992e+000
  2.1677992e+000
  2.1677992e+000
  0.0000000e+000
  0.0000000e+000
  0.0000000e+000
  0.0000000e+000
  0.0000000e+000
  0.0000000e+000
  0.0000000e+000
  0.0000000e+000
  0.0000000e+000
  0.0000000e+000
  1.8850445e+000
  2.1677992e+000
  0.0000000e+000
  2.1677992e+000
  5.7047371e-001
  2.1677992e+000
  0.0000000e+000
  0.0000000e+000
  0.0000000e+000
  0.0000000e+000
  0.0000000e+000
  0.0000000e+000
  0.0000000e+000
  0.0000000e+000
  0.0000000e+000
  0.0000000e+000
  0.0000000e+000
  0.0000000e+000
  0.0000000e+000
  0.0000000e+000
  0.0000000e+000
  0.0000000e+000
  0.0000000e+000
  0.0000000e+000
  0.0000000e+000
  0.0000000e+000
  0.0000000e+000
  0.0000000e+000
  0.0000000e+000
  0.0000000e+000
  0.0000000e+000
  0.0000000e+000
  0.0000000e+000
  0.0000000e+000
  0.0000000e+000
  0.0000000e+000
  0.0000000e+000
  0.0000000e+000
  0.0000000e+000
  0.0000000e+000
  0.0000000e+000
  0.0000000e+000
  0.0000000e+000
  0.0000000e+000
  0.0000000e+000
  0.0000000e+000
  0.0000000e+000
  2.1677992e+000
  0.0000000e+000
  0.0000000e+000
  0.0000000e+000
  0.0000000e+000
  0.0000000e+000
  0.0000000e+000
  0.0000000e+000
  0.0000000e+000
  0.0000000e+000
  0.0000000e+000
  0.0000000e+000
  0.0000000e+000
  0.0000000e+000
  0.0000000e+000
  0.0000000e+000
  3.6210298e+000
  0.0000000e+000
  0.0000000e+000
  0.0000000e+000
  0.0000000e+000
  0.0000000e+000
  0.0000000e+000
  0.0000000e+000
  0.0000000e+000
  0.0000000e+000
  0.0000000e+000
  0.0000000e+000
  0.0000000e+000
  0.0000000e+000
  0.0000000e+000
  0.0000000e+000
  0.0000000e+000
  0.0000000e+000
  0.0000000e+000
  0.0000000e+000
  0.0000000e+000
  0.0000000e+000
  2.1112500e+000
  0.0000000e+000
  0.0000000e+000
  0.0000000e+000
  0.0000000e+000
  0.0000000e+000
  0.0000000e+000
  0.0000000e+000
  0.0000000e+000
  0.0000000e+000
  0.0000000e+000
  0.0000000e+000
  0.0000000e+000
  0.0000000e+000
  0.0000000e+000
  0.0000000e+000
  0.0000000e+000
  0.0000000e+000
  0.0000000e+000
  1.8850445e-001
  0.0000000e+000
  0.0000000e+000
  0.0000000e+000
  0.0000000e+000
  0.0000000e+000
  1.8850445e-001
  1.8850445e-001
  1.5080339e-001
  1.8850445e-001
  1.5080339e-001
  0.0000000e+000
  0.0000000e+000
  0.0000000e+000
  0.0000000e+000
  0.0000000e+000
  0.0000000e+000
  0.0000000e+000
  0.0000000e+000
  0.0000000e+000
  0.0000000e+000
  0.0000000e+000
  0.0000000e+000
  0.0000000e+000
  0.0000000e+000
  0.0000000e+000
  0.0000000e+000
  0.0000000e+000
  0.0000000e+000
  0.0000000e+000
  0.0000000e+000
