  3.2163655e-001
  4.1952556e-001
  1.1067085e+000
  1.3984221e+000
  0.0000000e+000
  2.5392348e+000
  0.0000000e+000
  4.0204569e-001
  6.6402401e-001
  0.0000000e+000
  2.3866397e+000
  0.0000000e+000
  5.3606091e+000
  2.3306964e+000
  0.0000000e+000
  0.0000000e+000
  5.3606091e+000
  5.3606091e+000
  0.0000000e+000
  5.3606091e+000
  4.8245482e+000
  5.3606091e+000
  0.0000000e+000
  5.3606091e+000
  0.0000000e+000
  5.3606091e+000
  0.0000000e+000
  5.3606091e+000
  5.3606091e+000
  5.3606091e+000
  2.9624441e+000
  0.0000000e+000
  3.7291185e-001
  0.0000000e+000
  0.0000000e+000
  0.0000000e+000
  0.0000000e+000
  4.1693639e-001
  1.0721218e+000
  5.3606091e+000
  1.6081827e-001
  1.8645592e-001
  0.0000000e+000
  7.4702661e-001
  2.0750704e+000
  0.0000000e+000
  0.0000000e+000
  0.0000000e+000
  5.3606091e+000
  0.0000000e+000
  5.3606091e+000
  5.3606091e+000
  0.0000000e+000
  4.2884873e+000
  2.8589951e+000
  3.7351331e+000
  5.3606091e+000
  0.0000000e+000
  0.0000000e+000
  0.0000000e+000
  0.0000000e+000
  3.3201147e+000
  0.0000000e+000
  0.0000000e+000
  1.8645592e-001
  2.3866290e+000
  2.4900887e+000
  0.0000000e+000
  5.3606091e+000
  0.0000000e+000
  1.3833802e+000
  1.6314907e+000
  0.0000000e+000
  5.1461848e+000
  3.3201147e+001
  5.3606091e+000
  5.3606091e+000
  5.3606091e+000
  5.3606091e+000
  5.3606091e+000
  5.3606091e+000
  0.0000000e+000
  0.0000000e+000
  0.0000000e+000
  0.0000000e+000
  5.3606091e+000
  5.3606091e+000
  5.3606091e+000
  5.3606091e+000
  0.0000000e+000
  0.0000000e+000
  0.0000000e+000
  0.0000000e+000
  0.0000000e+000
  0.0000000e+000
  0.0000000e+000
  0.0000000e+000
  0.0000000e+000
  0.0000000e+000
  4.6614034e+000
  5.3606091e+000
  0.0000000e+000
  5.3606091e+000
  1.4106872e+000
  5.3606091e+000
  0.0000000e+000
  0.0000000e+000
  0.0000000e+000
  0.0000000e+000
  0.0000000e+000
  0.0000000e+000
  0.0000000e+000
  0.0000000e+000
  0.0000000e+000
  0.0000000e+000
  0.0000000e+000
  0.0000000e+000
  0.0000000e+000
  0.0000000e+000
  0.0000000e+000
  0.0000000e+000
  0.0000000e+000
  0.0000000e+000
  0.0000000e+000
  0.0000000e+000
  0.0000000e+000
  0.0000000e+000
  0.0000000e+000
  0.0000000e+000
  0.0000000e+000
  0.0000000e+000
  0.0000000e+000
  0.0000000e+000
  0.0000000e+000
  0.0000000e+000
  0.0000000e+000
  0.0000000e+000
  0.0000000e+000
  0.0000000e+000
  0.0000000e+000
  0.0000000e+000
  0.0000000e+000
  0.0000000e+000
  0.0000000e+000
  0.0000000e+000
  0.0000000e+000
  5.3606091e+000
  0.0000000e+000
  0.0000000e+000
  0.0000000e+000
  0.0000000e+000
  0.0000000e+000
  0.0000000e+000
  0.0000000e+000
  0.0000000e+000
  0.0000000e+000
  0.0000000e+000
  0.0000000e+000
  0.0000000e+000
  0.0000000e+000
  0.0000000e+000
  0.0000000e+000
  3.7291185e+000
  0.0000000e+000
  0.0000000e+000
  0.0000000e+000
  0.0000000e+000
  0.0000000e+000
  0.0000000e+000
  0.0000000e+000
  0.0000000e+000
  0.0000000e+000
  0.0000000e+000
  0.0000000e+000
  0.0000000e+000
  0.0000000e+000
  0.0000000e+000
  0.0000000e+000
  0.0000000e+000
  0.0000000e+000
  0.0000000e+000
  0.0000000e+000
  0.0000000e+000
  0.0000000e+000
  5.2207723e+000
  0.0000000e+000
  0.0000000e+000
  0.0000000e+000
  0.0000000e+000
  0.0000000e+000
  0.0000000e+000
  0.0000000e+000
  0.0000000e+000
  0.0000000e+000
  0.0000000e+000
  0.0000000e+000
  0.0000000e+000
  0.0000000e+000
  0.0000000e+000
  0.0000000e+000
  0.0000000e+000
  0.0000000e+000
  0.0000000e+000
  4.6614034e-001
  0.0000000e+000
  0.0000000e+000
  0.0000000e+000
  0.0000000e+000
  0.0000000e+000
  4.6614034e-001
  4.6614034e-001
  3.7291185e-001
  4.6614034e-001
  3.7291185e-001
  0.0000000e+000
  0.0000000e+000
  0.0000000e+000
  0.0000000e+000
  0.0000000e+000
  0.0000000e+000
  0.0000000e+000
  0.0000000e+000
  0.0000000e+000
  0.0000000e+000
  0.0000000e+000
  0.0000000e+000
  0.0000000e+000
  0.0000000e+000
  0.0000000e+000
  0.0000000e+000
  0.0000000e+000
  0.0000000e+000
  0.0000000e+000
  0.0000000e+000
  3.2163655e-001
  4.1952556e-001
  1.1067085e+000
  1.3984221e+000
  0.0000000e+000
  2.5392348e+000
  0.0000000e+000
  4.0204569e-001
  6.6402401e-001
  0.0000000e+000
  2.3866397e+000
  0.0000000e+000
  5.3606091e+000
  2.3306964e+000
  0.0000000e+000
  0.0000000e+000
  5.3606091e+000
  5.3606091e+000
  0.0000000e+000
  5.3606091e+000
  4.8245482e+000
  5.3606091e+000
  0.0000000e+000
  5.3606091e+000
  0.0000000e+000
  5.3606091e+000
  0.0000000e+000
  5.3606091e+000
  5.3606091e+000
  5.3606091e+000
  2.9624441e+000
  0.0000000e+000
  3.7291185e-001
  0.0000000e+000
  0.0000000e+000
  0.0000000e+000
  0.0000000e+000
  4.1693639e-001
  1.0721218e+000
  5.3606091e+000
  1.6081827e-001
  1.8645592e-001
  0.0000000e+000
  7.4702661e-001
  2.0750704e+000
  0.0000000e+000
  0.0000000e+000
  0.0000000e+000
  5.3606091e+000
  0.0000000e+000
  5.3606091e+000
  5.3606091e+000
  0.0000000e+000
  4.2884873e+000
  2.8589951e+000
  3.7351331e+000
  5.3606091e+000
  0.0000000e+000
  0.0000000e+000
  0.0000000e+000
  0.0000000e+000
  3.3201147e+000
  0.0000000e+000
  0.0000000e+000
  1.8645592e-001
  2.3866290e+000
  2.4900887e+000
  0.0000000e+000
  5.3606091e+000
  0.0000000e+000
  1.3833802e+000
  1.6314907e+000
  0.0000000e+000
  5.1461848e+000
  3.3201147e+001
  5.3606091e+000
  5.3606091e+000
  5.3606091e+000
  5.3606091e+000
  5.3606091e+000
  5.3606091e+000
  0.0000000e+000
  0.0000000e+000
  7.3150765e+000
  0.0000000e+000
  0.0000000e+000
  5.3606091e+000
  5.3606091e+000
  5.3606091e+000
  0.0000000e+000
  0.0000000e+000
  0.0000000e+000
  0.0000000e+000
  0.0000000e+000
  0.0000000e+000
  0.0000000e+000
  0.0000000e+000
  0.0000000e+000
  0.0000000e+000
  4.6614034e+000
  5.3606091e+000
  0.0000000e+000
  5.3606091e+000
  1.4106872e+000
  5.3606091e+000
  0.0000000e+000
  0.0000000e+000
  0.0000000e+000
  0.0000000e+000
  0.0000000e+000
  0.0000000e+000
  0.0000000e+000
  0.0000000e+000
  0.0000000e+000
  0.0000000e+000
  0.0000000e+000
  0.0000000e+000
  0.0000000e+000
  0.0000000e+000
  0.0000000e+000
  0.0000000e+000
  0.0000000e+000
  0.0000000e+000
  0.0000000e+000
  0.0000000e+000
  0.0000000e+000
  0.0000000e+000
  0.0000000e+000
  0.0000000e+000
  0.0000000e+000
  0.0000000e+000
  0.0000000e+000
  0.0000000e+000
  0.0000000e+000
  0.0000000e+000
  0.0000000e+000
  0.0000000e+000
  0.0000000e+000
  0.0000000e+000
  0.0000000e+000
  0.0000000e+000
  0.0000000e+000
  0.0000000e+000
  0.0000000e+000
  0.0000000e+000
  0.0000000e+000
  5.3606091e+000
  0.0000000e+000
  0.0000000e+000
  0.0000000e+000
  0.0000000e+000
  0.0000000e+000
  0.0000000e+000
  0.0000000e+000
  0.0000000e+000
  0.0000000e+000
  0.0000000e+000
  0.0000000e+000
  0.0000000e+000
  0.0000000e+000
  0.0000000e+000
  0.0000000e+000
  3.7291185e+000
  0.0000000e+000
  0.0000000e+000
  0.0000000e+000
  0.0000000e+000
  0.0000000e+000
  0.0000000e+000
  0.0000000e+000
  0.0000000e+000
  0.0000000e+000
  0.0000000e+000
  0.0000000e+000
  0.0000000e+000
  0.0000000e+000
  0.0000000e+000
  0.0000000e+000
  0.0000000e+000
  0.0000000e+000
  0.0000000e+000
  0.0000000e+000
  0.0000000e+000
  0.0000000e+000
  5.2207723e+000
  0.0000000e+000
  0.0000000e+000
  0.0000000e+000
  0.0000000e+000
  0.0000000e+000
  0.0000000e+000
  0.0000000e+000
  0.0000000e+000
  0.0000000e+000
  0.0000000e+000
  0.0000000e+000
  0.0000000e+000
  0.0000000e+000
  0.0000000e+000
  0.0000000e+000
  0.0000000e+000
  0.0000000e+000
  0.0000000e+000
  4.6614034e-001
  0.0000000e+000
  0.0000000e+000
  0.0000000e+000
  0.0000000e+000
  0.0000000e+000
  4.6614034e-001
  4.6614034e-001
  3.7291185e-001
  4.6614034e-001
  3.7291185e-001
  0.0000000e+000
  0.0000000e+000
  0.0000000e+000
  0.0000000e+000
  0.0000000e+000
  0.0000000e+000
  0.0000000e+000
  0.0000000e+000
  0.0000000e+000
  0.0000000e+000
  0.0000000e+000
  0.0000000e+000
  0.0000000e+000
  0.0000000e+000
  0.0000000e+000
  0.0000000e+000
  0.0000000e+000
  0.0000000e+000
  0.0000000e+000
  0.0000000e+000
