  6.9862093e-002
  9.1124389e-002
  2.4038615e-001
  3.0374874e-001
  0.0000000e+000
  5.5154260e-001
  0.0000000e+000
  8.7327617e-002
  1.4423146e-001
  0.0000000e+000
  5.1839769e-001
  0.0000000e+000
  1.1643682e+000
  5.0624634e-001
  0.0000000e+000
  0.0000000e+000
  1.1643682e+000
  1.1643682e+000
  0.0000000e+000
  1.1643682e+000
  1.0479314e+000
  1.1643682e+000
  0.0000000e+000
  1.1643682e+000
  0.0000000e+000
  1.1643682e+000
  0.0000000e+000
  1.1643682e+000
  1.1643682e+000
  1.1643682e+000
  6.4346714e-001
  0.0000000e+000
  8.0999508e-002
  0.0000000e+000
  0.0000000e+000
  0.0000000e+000
  0.0000000e+000
  9.0561999e-002
  2.3287364e-001
  1.1643682e+000
  3.4931047e-002
  4.0499754e-002
  0.0000000e+000
  1.6226030e-001
  4.5072228e-001
  0.0000000e+000
  0.0000000e+000
  0.0000000e+000
  1.1643682e+000
  0.0000000e+000
  1.1643682e+000
  1.1643682e+000
  0.0000000e+000
  9.3149458e-001
  6.2099716e-001
  8.1130150e-001
  1.1643682e+000
  0.0000000e+000
  0.0000000e+000
  0.0000000e+000
  0.0000000e+000
  1.4716703e+000
  0.0000000e+000
  0.0000000e+000
  0.0000000e+000
  5.1839536e-001
  5.4086767e-001
  0.0000000e+000
  1.1643682e+000
  0.0000000e+000
  3.0048152e-001
  3.5437314e-001
  0.0000000e+000
  1.1177935e+000
  1.4716703e+001
  1.1643682e+000
  1.1643682e+000
  1.1643682e+000
  1.1643682e+000
  1.1643682e+000
  1.1643682e+000
  0.0000000e+000
  0.0000000e+000
  0.0000000e+000
  1.2100120e-002
  1.1643682e+000
  1.1643682e+000
  1.1643682e+000
  1.1643682e+000
  0.0000000e+000
  0.0000000e+000
  0.0000000e+000
  0.0000000e+000
  0.0000000e+000
  0.0000000e+000
  0.0000000e+000
  0.0000000e+000
  0.0000000e+000
  0.0000000e+000
  1.0124950e+000
  1.1643682e+000
  0.0000000e+000
  1.1643682e+000
  3.0641281e-001
  1.1643682e+000
  0.0000000e+000
  0.0000000e+000
  0.0000000e+000
  0.0000000e+000
  0.0000000e+000
  0.0000000e+000
  0.0000000e+000
  0.0000000e+000
  0.0000000e+000
  0.0000000e+000
  0.0000000e+000
  0.0000000e+000
  0.0000000e+000
  0.0000000e+000
  0.0000000e+000
  0.0000000e+000
  0.0000000e+000
  0.0000000e+000
  0.0000000e+000
  0.0000000e+000
  0.0000000e+000
  0.0000000e+000
  0.0000000e+000
  0.0000000e+000
  0.0000000e+000
  0.0000000e+000
  0.0000000e+000
  0.0000000e+000
  0.0000000e+000
  0.0000000e+000
  0.0000000e+000
  0.0000000e+000
  0.0000000e+000
  0.0000000e+000
  0.0000000e+000
  0.0000000e+000
  0.0000000e+000
  0.0000000e+000
  0.0000000e+000
  0.0000000e+000
  0.0000000e+000
  1.1643682e+000
  0.0000000e+000
  0.0000000e+000
  0.0000000e+000
  0.0000000e+000
  0.0000000e+000
  0.0000000e+000
  0.0000000e+000
  5.5649859e-002
  0.0000000e+000
  8.8385254e-002
  5.5649859e-002
  0.0000000e+000
  7.7357073e-002
  1.2100120e-002
  0.0000000e+000
  8.0999508e-001
  5.5649859e-002
  5.5649859e-002
  1.0963022e-002
  0.0000000e+000
  0.0000000e+000
  0.0000000e+000
  0.0000000e+000
  0.0000000e+000
  0.0000000e+000
  0.0000000e+000
  0.0000000e+000
  0.0000000e+000
  0.0000000e+000
  0.0000000e+000
  0.0000000e+000
  0.0000000e+000
  0.0000000e+000
  0.0000000e+000
  0.0000000e+000
  0.0000000e+000
  0.0000000e+000
  1.1339945e+000
  0.0000000e+000
  0.0000000e+000
  0.0000000e+000
  0.0000000e+000
  0.0000000e+000
  0.0000000e+000
  0.0000000e+000
  0.0000000e+000
  0.0000000e+000
  0.0000000e+000
  0.0000000e+000
  0.0000000e+000
  0.0000000e+000
  0.0000000e+000
  0.0000000e+000
  0.0000000e+000
  0.0000000e+000
  0.0000000e+000
  1.0124950e-001
  0.0000000e+000
  0.0000000e+000
  0.0000000e+000
  0.0000000e+000
  0.0000000e+000
  1.0124950e-001
  1.0124950e-001
  8.0999508e-002
  1.0124950e-001
  8.0999508e-002
  0.0000000e+000
  0.0000000e+000
  0.0000000e+000
  0.0000000e+000
  0.0000000e+000
  0.0000000e+000
  0.0000000e+000
  0.0000000e+000
  0.0000000e+000
  0.0000000e+000
  0.0000000e+000
  0.0000000e+000
  0.0000000e+000
  0.0000000e+000
  0.0000000e+000
  0.0000000e+000
  0.0000000e+000
  0.0000000e+000
  0.0000000e+000
  0.0000000e+000
  6.9862093e-002
  9.1124389e-002
  2.4038615e-001
  3.0374874e-001
  0.0000000e+000
  5.5154260e-001
  0.0000000e+000
  8.7327617e-002
  1.4423146e-001
  0.0000000e+000
  5.1839769e-001
  0.0000000e+000
  1.1643682e+000
  5.0624634e-001
  0.0000000e+000
  0.0000000e+000
  1.1643682e+000
  1.1643682e+000
  0.0000000e+000
  1.1643682e+000
  1.0479314e+000
  1.1643682e+000
  0.0000000e+000
  1.1643682e+000
  0.0000000e+000
  1.1643682e+000
  0.0000000e+000
  1.1643682e+000
  1.1643682e+000
  1.1643682e+000
  6.4346714e-001
  0.0000000e+000
  8.0999508e-002
  0.0000000e+000
  0.0000000e+000
  0.0000000e+000
  0.0000000e+000
  9.0561999e-002
  2.3287364e-001
  1.1643682e+000
  3.4931047e-002
  4.0499754e-002
  0.0000000e+000
  1.6226030e-001
  4.5072228e-001
  0.0000000e+000
  0.0000000e+000
  0.0000000e+000
  1.1643682e+000
  0.0000000e+000
  1.1643682e+000
  1.1643682e+000
  0.0000000e+000
  9.3149458e-001
  6.2099716e-001
  8.1130150e-001
  1.1643682e+000
  0.0000000e+000
  0.0000000e+000
  0.0000000e+000
  0.0000000e+000
  7.2115612e-001
  0.0000000e+000
  0.0000000e+000
  4.0499754e-002
  9.9202256e-001
  3.9076168e-001
  0.0000000e+000
  1.1643682e+000
  0.0000000e+000
  3.0048152e-001
  3.5437314e-001
  0.0000000e+000
  1.1177935e+000
  7.2115612e+000
  1.1643682e+000
  1.1643682e+000
  1.1643682e+000
  1.1643682e+000
  1.1643682e+000
  1.1643682e+000
  0.0000000e+000
  0.0000000e+000
  0.0000000e+000
  3.6743889e-002
  8.0582267e-001
  1.1643682e+000
  1.1643682e+000
  1.1643682e+000
  0.0000000e+000
  0.0000000e+000
  0.0000000e+000
  0.0000000e+000
  0.0000000e+000
  0.0000000e+000
  0.0000000e+000
  0.0000000e+000
  0.0000000e+000
  0.0000000e+000
  1.0124950e+000
  1.1643682e+000
  0.0000000e+000
  1.1643682e+000
  3.0641281e-001
  1.1643682e+000
  0.0000000e+000
  0.0000000e+000
  0.0000000e+000
  0.0000000e+000
  0.0000000e+000
  0.0000000e+000
  0.0000000e+000
  0.0000000e+000
  0.0000000e+000
  0.0000000e+000
  0.0000000e+000
  0.0000000e+000
  0.0000000e+000
  0.0000000e+000
  0.0000000e+000
  0.0000000e+000
  0.0000000e+000
  0.0000000e+000
  0.0000000e+000
  0.0000000e+000
  0.0000000e+000
  0.0000000e+000
  0.0000000e+000
  0.0000000e+000
  0.0000000e+000
  0.0000000e+000
  0.0000000e+000
  0.0000000e+000
  0.0000000e+000
  0.0000000e+000
  0.0000000e+000
  0.0000000e+000
  0.0000000e+000
  0.0000000e+000
  0.0000000e+000
  0.0000000e+000
  0.0000000e+000
  0.0000000e+000
  0.0000000e+000
  0.0000000e+000
  0.0000000e+000
  1.1643682e+000
  0.0000000e+000
  0.0000000e+000
  0.0000000e+000
  0.0000000e+000
  0.0000000e+000
  0.0000000e+000
  0.0000000e+000
  0.0000000e+000
  0.0000000e+000
  0.0000000e+000
  0.0000000e+000
  0.0000000e+000
  0.0000000e+000
  0.0000000e+000
  0.0000000e+000
  2.3312864e+000
  0.0000000e+000
  0.0000000e+000
  0.0000000e+000
  0.0000000e+000
  0.0000000e+000
  0.0000000e+000
  0.0000000e+000
  0.0000000e+000
  0.0000000e+000
  0.0000000e+000
  0.0000000e+000
  0.0000000e+000
  0.0000000e+000
  0.0000000e+000
  0.0000000e+000
  0.0000000e+000
  0.0000000e+000
  0.0000000e+000
  0.0000000e+000
  0.0000000e+000
  0.0000000e+000
  1.1339945e+000
  0.0000000e+000
  0.0000000e+000
  0.0000000e+000
  0.0000000e+000
  0.0000000e+000
  0.0000000e+000
  0.0000000e+000
  0.0000000e+000
  0.0000000e+000
  0.0000000e+000
  0.0000000e+000
  0.0000000e+000
  0.0000000e+000
  0.0000000e+000
  0.0000000e+000
  0.0000000e+000
  0.0000000e+000
  0.0000000e+000
  1.0124950e-001
  0.0000000e+000
  0.0000000e+000
  0.0000000e+000
  0.0000000e+000
  0.0000000e+000
  1.0124950e-001
  1.0124950e-001
  8.0999508e-002
  1.0124950e-001
  8.0999508e-002
  0.0000000e+000
  0.0000000e+000
  0.0000000e+000
  0.0000000e+000
  0.0000000e+000
  0.0000000e+000
  0.0000000e+000
  0.0000000e+000
  0.0000000e+000
  0.0000000e+000
  0.0000000e+000
  0.0000000e+000
  0.0000000e+000
  0.0000000e+000
  0.0000000e+000
  0.0000000e+000
  0.0000000e+000
  0.0000000e+000
  0.0000000e+000
  0.0000000e+000
