  1.7411503e-001
  2.2710636e-001
  5.9910660e-001
  7.5702313e-001
  0.0000000e+000
  1.3745917e+000
  0.0000000e+000
  2.1764379e-001
  3.5946338e-001
  1.1607669e-001
  1.2919857e+000
  8.7057514e-002
  2.9019171e+000
  1.2617013e+000
  5.8038343e-002
  2.3215337e-002
  2.9019171e+000
  2.9019171e+000
  0.0000000e+000
  2.9019171e+000
  2.6117254e+000
  2.9019171e+000
  4.6430674e-001
  2.9019171e+000
  0.0000000e+000
  2.9019171e+000
  0.0000000e+000
  2.9019171e+000
  2.9019171e+000
  2.9019171e+000
  1.6036923e+000
  0.0000000e+000
  2.0187245e-001
  0.0000000e+000
  3.4823006e-002
  1.4509586e-002
  1.1607669e-001
  2.2570473e-001
  5.8038343e-001
  2.9019171e+000
  8.7057514e-002
  1.0093622e-001
  1.1607669e-001
  4.0439608e-001
  1.1233205e+000
  6.9646012e-002
  4.6430674e-002
  1.4509586e-002
  2.9019171e+000
  1.7411503e-001
  2.9019171e+000
  2.9019171e+000
  1.4509586e-001
  2.3215337e+000
  1.5476911e+000
  2.0219804e+000
  2.9019171e+000
  5.8038343e-001
  1.1607669e-001
  1.1607669e-001
  1.0446902e-001
  1.7973140e+000
  1.4509586e-001
  1.3058627e-001
  9.9504204e-002
  5.4073648e-001
  1.3073787e+000
  4.6430674e-002
  2.9019171e+000
  8.1253680e-002
  7.4888035e-001
  8.8319268e-001
  2.6117254e-001
  2.7858405e+000
  2.0219804e+000
  2.9019171e+000
  2.9019171e+000
  2.9019171e+000
  2.9019171e+000
  2.9019171e+000
  2.9019171e+000
  3.4823006e-001
  7.5449846e-001
  1.0446902e-001
  3.4823006e-002
  2.9019171e+000
  2.9019171e+000
  2.9019171e+000
  2.9019171e+000
  3.4823006e-002
  3.4823006e-002
  7.2547929e-002
  7.2547929e-002
  3.4823006e-002
  3.4823006e-002
  3.4823006e-002
  3.4823006e-002
  1.1607669e-001
  9.2861349e-002
  2.5234085e+000
  2.9019171e+000
  5.8038343e-004
  2.9019171e+000
  7.6366271e-001
  2.9019171e+000
  4.6430674e-001
  8.7057514e-001
  2.9019171e-001
  3.4823006e-001
  2.9019171e-001
  4.3528757e-001
  5.8038343e-001
  3.4823006e-001
  7.2547929e-001
  7.5449846e-001
  2.9019171e-001
  4.9332592e-001
  4.3528757e-001
  3.4823006e-001
  0.0000000e+000
  4.3528757e-001
  0.0000000e+000
  4.9332592e-001
  4.3528757e-001
  1.1607669e-001
  2.0313420e-001
  4.0626840e-001
  1.1607669e+000
  2.9019171e+000
  2.9019171e+000
  8.7057514e-001
  7.2547929e-001
  1.0446902e+000
  1.4509586e+000
  1.4509586e-001
  4.9332592e-001
  4.9332592e-001
  5.8038343e-001
  4.9332592e-001
  4.3528757e-001
  3.4823006e-001
  3.4823006e-001
  4.3528757e-001
  2.3215337e-001
  2.3215337e-001
  0.0000000e+000
  2.9019171e+000
  2.9019171e+000
  1.4509586e+000
  4.3528757e-001
  1.4509586e-001
  8.7057514e-001
  8.7057514e-001
  0.0000000e+000
  8.7057514e-001
  5.8038343e-001
  3.4862071e-001
  5.2234509e-001
  0.0000000e+000
  2.9019171e-001
  5.8038913e-001
  0.0000000e+000
  2.0187245e+000
  5.2234509e-001
  5.8038343e-001
  5.8038343e-001
  6.3842177e-001
  6.9646012e-001
  1.1607669e+000
  5.8038343e-001
  5.8038343e-001
  5.2234509e-001
  2.3215337e-001
  2.9019171e+000
  8.7057514e-001
  2.9019171e+000
  2.9019171e+000
  2.9019171e+000
  2.9019171e+000
  0.0000000e+000
  0.0000000e+000
  0.0000000e+000
  0.0000000e+000
  0.0000000e+000
  2.8262177e+000
  0.0000000e+000
  0.0000000e+000
  0.0000000e+000
  2.9019171e+000
  4.0626840e-001
  1.1607669e+000
  0.0000000e+000
  0.0000000e+000
  0.0000000e+000
  2.9019171e+000
  2.9019171e+000
  2.9019171e+000
  2.9019171e+000
  2.9019171e+000
  2.9019171e+000
  4.6430674e-001
  1.4509586e+000
  4.6430674e-001
  2.5234085e-001
  2.9019171e+000
  2.9019171e+000
  2.9019171e+000
  2.9019171e+000
  2.9019171e+000
  2.5234085e-001
  2.5234085e-001
  2.0187245e-001
  2.5234085e-001
  2.0187245e-001
  4.6430674e-001
  2.9019171e+000
  4.6430674e-001
  4.6430674e-001
  4.6430674e-001
  4.6430674e-001
  4.6430674e-001
  4.6430674e-001
  4.6430674e-001
  4.6430674e-001
  4.6430674e-001
  4.6430674e-001
  4.6430674e-001
  4.6430674e-001
  0.0000000e+000
  0.0000000e+000
  0.0000000e+000
  0.0000000e+000
  0.0000000e+000
  0.0000000e+000
  1.7411503e-001
  2.2710636e-001
  5.9910660e-001
  7.5702313e-001
  0.0000000e+000
  1.3745917e+000
  0.0000000e+000
  2.1764379e-001
  3.5946338e-001
  1.1607669e-001
  1.2919857e+000
  8.7057514e-002
  2.9019171e+000
  1.2617013e+000
  5.8038343e-002
  2.3215337e-002
  2.9019171e+000
  2.9019171e+000
  0.0000000e+000
  2.9019171e+000
  2.6117254e+000
  2.9019171e+000
  4.6430674e-001
  2.9019171e+000
  0.0000000e+000
  2.9019171e+000
  0.0000000e+000
  2.9019171e+000
  2.9019171e+000
  2.9019171e+000
  1.6036923e+000
  0.0000000e+000
  2.0187245e-001
  0.0000000e+000
  3.4823006e-002
  1.4509586e-002
  1.1607669e-001
  2.2570473e-001
  5.8038343e-001
  2.9019171e+000
  8.7057514e-002
  1.0093622e-001
  1.1607669e-001
  4.0439608e-001
  1.1233205e+000
  6.9646012e-002
  4.6430674e-002
  1.4509586e-002
  2.9019171e+000
  1.7411503e-001
  2.9019171e+000
  2.9019171e+000
  1.4509586e-001
  2.3215337e+000
  1.5476911e+000
  2.0219804e+000
  2.9019171e+000
  5.8038343e-001
  1.1607669e-001
  1.1607669e-001
  1.0446902e-001
  1.7973140e+000
  1.4509586e-001
  1.3058627e-001
  1.0093622e-001
  5.4621744e-001
  1.3457938e+000
  4.6430674e-002
  2.9019171e+000
  8.1253680e-002
  7.4888035e-001
  8.8319268e-001
  2.6117254e-001
  2.7858405e+000
  2.0219804e+000
  2.9019171e+000
  2.9019171e+000
  2.9019171e+000
  2.9019171e+000
  2.9019171e+000
  2.9019171e+000
  3.4823006e-001
  7.5449846e-001
  1.0446902e-001
  3.4823006e-002
  2.9019171e+000
  2.9019171e+000
  2.9019171e+000
  2.9019171e+000
  3.4823006e-002
  3.4823006e-002
  7.2547929e-002
  7.2547929e-002
  3.4823006e-002
  3.4823006e-002
  3.4823006e-002
  3.4823006e-002
  1.1607669e-001
  9.2861349e-002
  2.5234085e+000
  2.9019171e+000
  5.8038343e-004
  2.9019171e+000
  7.6366271e-001
  2.9019171e+000
  4.6430674e-001
  8.7057514e-001
  2.9019171e-001
  3.4823006e-001
  2.9019171e-001
  4.3528757e-001
  5.8038343e-001
  3.4823006e-001
  7.2547929e-001
  7.5449846e-001
  2.9019171e-001
  4.9332592e-001
  4.3528757e-001
  3.4823006e-001
  0.0000000e+000
  4.3528757e-001
  0.0000000e+000
  4.9332592e-001
  4.3528757e-001
  1.1607669e-001
  2.0313420e-001
  4.0626840e-001
  1.1607669e+000
  2.9019171e+000
  2.9019171e+000
  8.7057514e-001
  7.2547929e-001
  1.0446902e+000
  1.4509586e+000
  1.4509586e-001
  4.9332592e-001
  4.9332592e-001
  5.8038343e-001
  4.9332592e-001
  4.3528757e-001
  3.4823006e-001
  3.4823006e-001
  4.3528757e-001
  2.3215337e-001
  2.3215337e-001
  0.0000000e+000
  2.9019171e+000
  2.9019171e+000
  1.4509586e+000
  4.3528757e-001
  1.4509586e-001
  8.7057514e-001
  8.7057514e-001
  0.0000000e+000
  8.7057514e-001
  5.8038343e-001
  3.4823006e-001
  5.2234509e-001
  0.0000000e+000
  2.9019171e-001
  5.8038343e-001
  0.0000000e+000
  2.0187245e+000
  5.2234509e-001
  5.8038343e-001
  5.8038343e-001
  6.3842177e-001
  6.9646012e-001
  1.1607669e+000
  5.8038343e-001
  5.8038343e-001
  5.2234509e-001
  2.3215337e-001
  2.9019171e+000
  8.7057514e-001
  2.9019171e+000
  2.9019171e+000
  2.9019171e+000
  2.9019171e+000
  0.0000000e+000
  0.0000000e+000
  0.0000000e+000
  0.0000000e+000
  0.0000000e+000
  2.8262177e+000
  0.0000000e+000
  0.0000000e+000
  0.0000000e+000
  2.9019171e+000
  4.0626840e-001
  1.1607669e+000
  0.0000000e+000
  0.0000000e+000
  0.0000000e+000
  2.9019171e+000
  2.9019171e+000
  2.9019171e+000
  2.9019171e+000
  2.9019171e+000
  2.9019171e+000
  4.6430674e-001
  1.4509586e+000
  4.6430674e-001
  2.5234085e-001
  2.9019171e+000
  2.9019171e+000
  2.9019171e+000
  2.9019171e+000
  2.9019171e+000
  2.5234085e-001
  2.5234085e-001
  2.0187245e-001
  2.5234085e-001
  2.0187245e-001
  4.6430674e-001
  2.9019171e+000
  4.6430674e-001
  4.6430674e-001
  4.6430674e-001
  4.6430674e-001
  4.6430674e-001
  4.6430674e-001
  4.6430674e-001
  4.6430674e-001
  4.6430674e-001
  4.6430674e-001
  4.6430674e-001
  4.6430674e-001
  0.0000000e+000
  0.0000000e+000
  0.0000000e+000
  0.0000000e+000
  0.0000000e+000
  0.0000000e+000
