  1.4418286e-001
  1.8806444e-001
  4.9611401e-001
  6.2688306e-001
  0.0000000e+000
  1.1382853e+000
  0.0000000e+000
  1.8022858e-001
  2.9766792e-001
  0.0000000e+000
  1.0698801e+000
  0.0000000e+000
  2.4030477e+000
  1.0448019e+000
  0.0000000e+000
  0.0000000e+000
  2.4030477e+000
  2.4030477e+000
  0.0000000e+000
  2.4030477e+000
  2.1627429e+000
  2.4030477e+000
  0.0000000e+000
  2.4030477e+000
  0.0000000e+000
  2.4030477e+000
  0.0000000e+000
  2.4030477e+000
  2.4030477e+000
  2.4030477e+000
  1.3280011e+000
  0.0000000e+000
  1.6716850e-001
  0.0000000e+000
  0.0000000e+000
  0.0000000e+000
  0.0000000e+000
  1.8690376e-001
  4.8060954e-001
  2.4030477e+000
  7.2091432e-002
  8.3584248e-002
  0.0000000e+000
  3.3487623e-001
  9.3021016e-001
  0.0000000e+000
  0.0000000e+000
  0.0000000e+000
  2.4030477e+000
  0.0000000e+000
  2.4030477e+000
  2.4030477e+000
  0.0000000e+000
  1.9224382e+000
  1.2816271e+000
  1.6743812e+000
  2.4030477e+000
  0.0000000e+000
  0.0000000e+000
  0.0000000e+000
  0.0000000e+000
  1.4883372e+000
  0.0000000e+000
  0.0000000e+000
  2.3946904e-001
  1.0698753e+000
  1.1162541e+000
  0.0000000e+000
  2.4030477e+000
  0.0000000e+000
  6.2014011e-001
  7.3136277e-001
  0.0000000e+000
  2.3069258e+000
  1.4883372e+001
  2.4030477e+000
  2.4030477e+000
  2.4030477e+000
  2.4030477e+000
  2.4030477e+000
  2.4030477e+000
  0.0000000e+000
  0.0000000e+000
  0.0000000e+000
  0.0000000e+000
  2.4030477e+000
  2.4030477e+000
  2.4030477e+000
  2.4030477e+000
  0.0000000e+000
  0.0000000e+000
  0.0000000e+000
  0.0000000e+000
  0.0000000e+000
  0.0000000e+000
  0.0000000e+000
  0.0000000e+000
  0.0000000e+000
  0.0000000e+000
  2.0896086e+000
  2.4030477e+000
  0.0000000e+000
  2.4030477e+000
  6.3238123e-001
  2.4030477e+000
  0.0000000e+000
  0.0000000e+000
  0.0000000e+000
  0.0000000e+000
  0.0000000e+000
  0.0000000e+000
  0.0000000e+000
  0.0000000e+000
  0.0000000e+000
  0.0000000e+000
  0.0000000e+000
  0.0000000e+000
  0.0000000e+000
  0.0000000e+000
  0.0000000e+000
  0.0000000e+000
  0.0000000e+000
  0.0000000e+000
  0.0000000e+000
  0.0000000e+000
  0.0000000e+000
  0.0000000e+000
  0.0000000e+000
  0.0000000e+000
  0.0000000e+000
  0.0000000e+000
  0.0000000e+000
  0.0000000e+000
  0.0000000e+000
  0.0000000e+000
  0.0000000e+000
  0.0000000e+000
  0.0000000e+000
  0.0000000e+000
  0.0000000e+000
  0.0000000e+000
  0.0000000e+000
  0.0000000e+000
  0.0000000e+000
  0.0000000e+000
  0.0000000e+000
  2.4030477e+000
  0.0000000e+000
  0.0000000e+000
  0.0000000e+000
  0.0000000e+000
  0.0000000e+000
  0.0000000e+000
  0.0000000e+000
  0.0000000e+000
  0.0000000e+000
  0.0000000e+000
  0.0000000e+000
  0.0000000e+000
  0.0000000e+000
  1.3411852e-003
  0.0000000e+000
  1.6716850e+000
  0.0000000e+000
  1.1827086e-003
  0.0000000e+000
  0.0000000e+000
  0.0000000e+000
  0.0000000e+000
  0.0000000e+000
  0.0000000e+000
  0.0000000e+000
  0.0000000e+000
  0.0000000e+000
  0.0000000e+000
  0.0000000e+000
  0.0000000e+000
  0.0000000e+000
  0.0000000e+000
  0.0000000e+000
  0.0000000e+000
  0.0000000e+000
  0.0000000e+000
  0.0000000e+000
  2.3403618e+000
  0.0000000e+000
  0.0000000e+000
  0.0000000e+000
  0.0000000e+000
  0.0000000e+000
  0.0000000e+000
  0.0000000e+000
  0.0000000e+000
  0.0000000e+000
  0.0000000e+000
  0.0000000e+000
  0.0000000e+000
  0.0000000e+000
  0.0000000e+000
  0.0000000e+000
  0.0000000e+000
  0.0000000e+000
  0.0000000e+000
  2.0896086e-001
  0.0000000e+000
  0.0000000e+000
  0.0000000e+000
  0.0000000e+000
  0.0000000e+000
  2.0896086e-001
  2.0896086e-001
  1.6716850e-001
  2.0896086e-001
  1.6716850e-001
  0.0000000e+000
  0.0000000e+000
  0.0000000e+000
  0.0000000e+000
  0.0000000e+000
  0.0000000e+000
  0.0000000e+000
  0.0000000e+000
  0.0000000e+000
  0.0000000e+000
  0.0000000e+000
  0.0000000e+000
  0.0000000e+000
  0.0000000e+000
  0.0000000e+000
  0.0000000e+000
  0.0000000e+000
  0.0000000e+000
  0.0000000e+000
  0.0000000e+000
  1.4418286e-001
  1.8806444e-001
  4.9611401e-001
  6.2688306e-001
  0.0000000e+000
  1.1382853e+000
  0.0000000e+000
  1.8022858e-001
  2.9766792e-001
  0.0000000e+000
  1.0698801e+000
  0.0000000e+000
  2.4030477e+000
  1.0448019e+000
  0.0000000e+000
  0.0000000e+000
  2.4030477e+000
  2.4030477e+000
  0.0000000e+000
  2.4030477e+000
  2.1627429e+000
  2.4030477e+000
  0.0000000e+000
  2.4030477e+000
  0.0000000e+000
  2.4030477e+000
  0.0000000e+000
  2.4030477e+000
  2.4030477e+000
  2.4030477e+000
  1.3280011e+000
  0.0000000e+000
  1.6716850e-001
  0.0000000e+000
  0.0000000e+000
  0.0000000e+000
  0.0000000e+000
  1.8690376e-001
  4.8060954e-001
  2.4030477e+000
  7.2091432e-002
  8.3584248e-002
  0.0000000e+000
  3.3487623e-001
  9.3021016e-001
  0.0000000e+000
  0.0000000e+000
  0.0000000e+000
  2.4030477e+000
  0.0000000e+000
  2.4030477e+000
  2.4030477e+000
  0.0000000e+000
  1.9224382e+000
  1.2816271e+000
  1.6743812e+000
  2.4030477e+000
  0.0000000e+000
  0.0000000e+000
  0.0000000e+000
  0.0000000e+000
  1.4883372e+000
  0.0000000e+000
  0.0000000e+000
  8.3584248e-002
  1.0908653e+000
  2.1787827e+000
  0.0000000e+000
  2.4030477e+000
  0.0000000e+000
  6.2014011e-001
  7.3136277e-001
  0.0000000e+000
  2.3069258e+000
  1.4883372e+001
  2.4030477e+000
  2.4030477e+000
  2.4030477e+000
  2.4030477e+000
  2.4030477e+000
  2.4030477e+000
  0.0000000e+000
  0.0000000e+000
  4.9044721e+000
  0.0000000e+000
  0.0000000e+000
  2.4030477e+000
  2.4030477e+000
  2.4030477e+000
  0.0000000e+000
  0.0000000e+000
  0.0000000e+000
  0.0000000e+000
  0.0000000e+000
  0.0000000e+000
  0.0000000e+000
  0.0000000e+000
  0.0000000e+000
  0.0000000e+000
  2.0896086e+000
  2.4030477e+000
  0.0000000e+000
  2.4030477e+000
  6.3238123e-001
  2.4030477e+000
  0.0000000e+000
  0.0000000e+000
  0.0000000e+000
  0.0000000e+000
  0.0000000e+000
  0.0000000e+000
  0.0000000e+000
  0.0000000e+000
  0.0000000e+000
  0.0000000e+000
  0.0000000e+000
  0.0000000e+000
  0.0000000e+000
  0.0000000e+000
  0.0000000e+000
  0.0000000e+000
  0.0000000e+000
  0.0000000e+000
  0.0000000e+000
  0.0000000e+000
  0.0000000e+000
  0.0000000e+000
  0.0000000e+000
  0.0000000e+000
  0.0000000e+000
  0.0000000e+000
  0.0000000e+000
  0.0000000e+000
  0.0000000e+000
  0.0000000e+000
  0.0000000e+000
  0.0000000e+000
  0.0000000e+000
  0.0000000e+000
  0.0000000e+000
  0.0000000e+000
  0.0000000e+000
  0.0000000e+000
  0.0000000e+000
  0.0000000e+000
  0.0000000e+000
  2.4030477e+000
  0.0000000e+000
  0.0000000e+000
  0.0000000e+000
  0.0000000e+000
  0.0000000e+000
  0.0000000e+000
  0.0000000e+000
  0.0000000e+000
  0.0000000e+000
  0.0000000e+000
  0.0000000e+000
  0.0000000e+000
  0.0000000e+000
  0.0000000e+000
  0.0000000e+000
  1.6716850e+000
  0.0000000e+000
  0.0000000e+000
  0.0000000e+000
  0.0000000e+000
  0.0000000e+000
  0.0000000e+000
  0.0000000e+000
  0.0000000e+000
  0.0000000e+000
  0.0000000e+000
  0.0000000e+000
  0.0000000e+000
  0.0000000e+000
  0.0000000e+000
  0.0000000e+000
  0.0000000e+000
  0.0000000e+000
  0.0000000e+000
  0.0000000e+000
  0.0000000e+000
  0.0000000e+000
  2.3403618e+000
  0.0000000e+000
  0.0000000e+000
  0.0000000e+000
  0.0000000e+000
  0.0000000e+000
  0.0000000e+000
  0.0000000e+000
  0.0000000e+000
  0.0000000e+000
  0.0000000e+000
  0.0000000e+000
  0.0000000e+000
  0.0000000e+000
  0.0000000e+000
  0.0000000e+000
  0.0000000e+000
  0.0000000e+000
  0.0000000e+000
  2.0896086e-001
  0.0000000e+000
  0.0000000e+000
  0.0000000e+000
  0.0000000e+000
  0.0000000e+000
  2.0896086e-001
  2.0896086e-001
  1.6716850e-001
  2.0896086e-001
  1.6716850e-001
  0.0000000e+000
  0.0000000e+000
  0.0000000e+000
  0.0000000e+000
  0.0000000e+000
  0.0000000e+000
  0.0000000e+000
  0.0000000e+000
  0.0000000e+000
  0.0000000e+000
  0.0000000e+000
  0.0000000e+000
  0.0000000e+000
  0.0000000e+000
  0.0000000e+000
  0.0000000e+000
  0.0000000e+000
  0.0000000e+000
  0.0000000e+000
  0.0000000e+000
